cam0:
  cam_overlaps: []
  camera_model: pinhole
  distortion_coeffs: [0.0005563890971081716, -0.004012645765899501, -0.0014965012951977628, 2.6744109801087385e-05]
  distortion_model: radtan
  intrinsics: [392.6505915410682, 393.0652251186848, 323.29570169695376, 240.73955640915167]
  resolution: [640, 480]
  rostopic: /left
cam1:
  T_cn_cnm1:
  - [0.9999930313076354, 0.0017654488491698993, -0.0032894568742032255, -0.03304321257684941]
  - [-0.0017842353043371697, 0.9999820662945931, -0.00571695667068304, -1.081224257195073e-05]
  - [0.003279304887477684, 0.0057227859960577885, 0.9999782477033679, 0.0009495995266757763]
  - [0.0, 0.0, 0.0, 1.0]
  cam_overlaps: [2]
  camera_model: pinhole
  distortion_coeffs: [0.0021892529264270315, -0.008937990910494836, -0.0007958179543301612, -0.00033049318175582486]
  distortion_model: radtan
  intrinsics: [391.42985642886225, 391.83822904861637, 323.9753732436904, 241.07201705086968]
  resolution: [640, 480]
  rostopic: /right
cam2:
  T_cn_cnm1:
  - [0.9999909866243095, -0.0018384425267525077, 0.003827113691393806, 0.03607324371610116]
  - [0.0018132701244124884, 0.9999767700404064, 0.006570497013405748, 0.0001460471995361521]
  - [-0.0038391042688287573, -0.006563498200128388, 0.9999710904670099, -8.709469995085413e-05]
  - [0.0, 0.0, 0.0, 1.0]
  cam_overlaps: [1]
  camera_model: pinhole
  distortion_coeffs: [-0.057782495841898596, 0.05961862015538785, -0.0009244374911255462, -3.375616926934354e-05]
  distortion_model: radtan
  intrinsics: [385.10093578441047, 385.18686397181517, 325.5543076207689, 243.79459847448769]
  resolution: [640, 480]
  rostopic: /color
