cam0:
  camera_model: pinhole
  distortion_coeffs: [0.0005563890971081716, -0.004012645765899501, -0.0014965012951977628, 2.6744109801087385e-05]
  distortion_model: radtan
  intrinsics: [392.6505915410682, 393.0652251186848, 323.29570169695376, 240.73955640915167]
  resolution: [640, 480]
  rostopic: /left
cam1:
  T_cn_cnm1:
  - [0.9999930313076354, 0.0017654488491698993, -0.0032894568742032255, -0.03304321257684941]
  - [-0.0017842353043371697, 0.9999820662945931, -0.00571695667068304, -1.081224257195073e-05]
  - [0.003279304887477684, 0.0057227859960577885, 0.9999782477033679, 0.0009495995266757763]
  - [0.0, 0.0, 0.0, 1.0]
  camera_model: pinhole
  distortion_coeffs: [0.0021892529264270315, -0.008937990910494836, -0.0007958179543301612, -0.00033049318175582486]
  distortion_model: radtan
  intrinsics: [391.42985642886225, 391.83822904861637, 323.9753732436904, 241.07201705086968]
  resolution: [640, 480]
  rostopic: /right
