cam0:
  T_cam_imu:
  - [0.9998868096268959, -0.0014355321750539702, -0.014976888245599278, -0.04316472440792826]
  - [0.0015259693871253538, 0.9999806624749592, 0.006028772144508882, 6.882243545016963e-05]
  - [0.01496794413325829, -0.006050944018517671, 0.9998696648688306, -0.0039523979723559725]
  - [0.0, 0.0, 0.0, 1.0]
  camera_model: pinhole
  distortion_coeffs: [0.0005563890971081716, -0.004012645765899501, -0.0014965012951977628, 2.6744109801087385e-05]
  distortion_model: radtan
  intrinsics: [392.6505915410682, 393.0652251186848, 323.29570169695376, 240.73955640915167]
  resolution: [640, 480]
  rostopic: /left
  timeshift_cam_imu: -0.027945562785725034
cam1:
  T_cam_imu:
  - [0.9998332993374973, 0.0003497968578838393, -0.018255168529838148, -0.07619451343792306]
  - [-0.0003436624132965031, 0.9999998834283043, 0.0003391747686567129, 0.00015762067178080072]
  - [0.018255285044070542, -0.00033284461272597505, 0.9998333029972664, -0.003143868907594831]
  - [0.0, 0.0, 0.0, 1.0]
  T_cn_cnm1:
  - [0.9999930313076354, 0.0017654488491698993, -0.0032894568742032255, -0.03304321257684941]
  - [-0.0017842353043371697, 0.9999820662945931, -0.00571695667068304, -1.081224257195073e-05]
  - [0.003279304887477684, 0.0057227859960577885, 0.9999782477033679, 0.0009495995266757763]
  - [0.0, 0.0, 0.0, 1.0]
  camera_model: pinhole
  distortion_coeffs: [0.0021892529264270315, -0.008937990910494836, -0.0007958179543301612, -0.00033049318175582486]
  distortion_model: radtan
  intrinsics: [391.42985642886225, 391.83822904861637, 323.9753732436904, 241.07201705086968]
  resolution: [640, 480]
  rostopic: /right
  timeshift_cam_imu: 0.02700837655457488
